% Problem 1.35
A = zeros(8,8);
B = zeros(8,8);
for i=1:8
for j=1:8
A(i,j) = 2*0.8^abs(i-j);
A(i,j) = 2*0.9^abs(i-j);
B(i,j) = 3*0.8^abs(i-j);
end
end
A

A =

    2.0000    1.8000    1.6200    1.4580    1.3122    1.1810    1.0629    0.9566
    1.8000    2.0000    1.8000    1.6200    1.4580    1.3122    1.1810    1.0629
    1.6200    1.8000    2.0000    1.8000    1.6200    1.4580    1.3122    1.1810
    1.4580    1.6200    1.8000    2.0000    1.8000    1.6200    1.4580    1.3122
    1.3122    1.4580    1.6200    1.8000    2.0000    1.8000    1.6200    1.4580
    1.1810    1.3122    1.4580    1.6200    1.8000    2.0000    1.8000    1.6200
    1.0629    1.1810    1.3122    1.4580    1.6200    1.8000    2.0000    1.8000
    0.9566    1.0629    1.1810    1.3122    1.4580    1.6200    1.8000    2.0000

B

B =

    3.0000    2.4000    1.9200    1.5360    1.2288    0.9830    0.7864    0.6291
    2.4000    3.0000    2.4000    1.9200    1.5360    1.2288    0.9830    0.7864
    1.9200    2.4000    3.0000    2.4000    1.9200    1.5360    1.2288    0.9830
    1.5360    1.9200    2.4000    3.0000    2.4000    1.9200    1.5360    1.2288
    1.2288    1.5360    1.9200    2.4000    3.0000    2.4000    1.9200    1.5360
    0.9830    1.2288    1.5360    1.9200    2.4000    3.0000    2.4000    1.9200
    0.7864    0.9830    1.2288    1.5360    1.9200    2.4000    3.0000    2.4000
    0.6291    0.7864    0.9830    1.2288    1.5360    1.9200    2.4000    3.0000

