% 2.9
% a
A = [3 1.01; 3 1]

A =

    3.0000    1.0100
    3.0000    1.0000

b = [5.02 5]

b =

    5.0200    5.0000

A^-1 * b
{Error using <a href="matlab:matlab.internal.language.introspective.errorDocCallback('mtimes')" style="font-weight:bold"> * </a>
Inner matrix dimensions must agree.
} 
A^-1 * b'

ans =

    1.0000
    2.0000

% b
A = [2 -1 3 4 -2; 0 -2 1 5 4; 2 3 6 -3 -4; 1 1 -4 3 2; 4 0 -4 5 -2]

A =

     2    -1     3     4    -2
     0    -2     1     5     4
     2     3     6    -3    -4
     1     1    -4     3     2
     4     0    -4     5    -2

b = [8 -11 12 6 7]

b =

     8   -11    12     6     7

A^-1 * b'

ans =

   -7.9489
    7.8394
   -0.2409
    5.3723
   -5.4854

% c
A = [1 -1 2 -2 3 2 4
-1 -5 4 3 2 0 1
0 2 -5 4 -5 2 3
1 2 1 -3 -2 -5 -1
3 4 5 -2 -3 -1 0
2 0 5 4 6 7 1
1 1 1 2 2 -2 3]

A =

     1    -1     2    -2     3     2     4
    -1    -5     4     3     2     0     1
     0     2    -5     4    -5     2     3
     1     2     1    -3    -2    -5    -1
     3     4     5    -2    -3    -1     0
     2     0     5     4     6     7     1
     1     1     1     2     2    -2     3

b = [8 26 5 -1 5 13 21]

b =

     8    26     5    -1     5    13    21

A^-1 * b'

ans =

    1.6565
   -1.5531
    1.9785
    3.1247
   -0.1700
   -2.0897
    2.9430

% d
A =
 A =
    
{Error: Expression or statement is incomplete or incorrect.
} 
A = [0 1 -1 0 -1 1 0 -1 1 0
0 0 0 -1 -1 1 2 -1 -2 1
-1 1 -1 2 2 -2 -1 -2 1 0
0 1 2 1 2 -1 0 1 2 -1
1 1 -1 -2 0 2 1 -2 -1 0
-1 0 -1 2 2 1 1 0 1 0
2 0 -2 -1 -2 -1 1 -1 1 -2
-1 -1 1 1 0 1 -1 2 1 1
-1 -2 -2 2 -1 0 -2 2 0 0 
2 -2 -2 -2 -2 1 -1 -1 0 1]

A =

     0     1    -1     0    -1     1     0    -1     1     0
     0     0     0    -1    -1     1     2    -1    -2     1
    -1     1    -1     2     2    -2    -1    -2     1     0
     0     1     2     1     2    -1     0     1     2    -1
     1     1    -1    -2     0     2     1    -2    -1     0
    -1     0    -1     2     2     1     1     0     1     0
     2     0    -2    -1    -2    -1     1    -1     1    -2
    -1    -1     1     1     0     1    -1     2     1     1
    -1    -2    -2     2    -1     0    -2     2     0     0
     2    -2    -2    -2    -2     1    -1    -1     0     1

b = [1 -9 1 17 -3 13 -11 10 -2 -16]

b =

     1    -9     1    17    -3    13   -11    10    -2   -16

A^-1 * b'

ans =

   -0.0000
    0.4404
    3.1468
    2.9450
    2.2569
    4.2936
   -0.4954
    0.2752
    1.9450
   -2.9358

diary off
